1
1
1.328649
1.492709
1.590934
1.65696
1.704667
1.741327
1.770295
1.792452
1.809261
1.822723
1.832952
1.841042
1.847994
1.853024
1.857241
1.859703
1.861727
1.863014
1.864041
1.864992
1.865311
1.864643
1.863026
1.860681
1.857901
1.855027
1.852064
1.848816
1.845595
1.84151
1.837137
1.832809
1.828183
1.82329
1.818156
1.812536
1.806384
1.800186
1.793881
1.787576
1.781263
1.774769
1.767954
1.760899
1.753516
1.745963
1.738425
1.731079
1.723956
1.716923
1.71002
1.70287
1.695915
1.689569
1.68375
1.678753
1.674805
1.672687
1.671729
1.670624
1.669274
1.667872
1.666227
1.664502
1.662418
1.660211
1.657902
1.655815
1.653854
1.65169
1.649494
1.647045
1.644742
1.642331
1.640163
1.637702
1.635381
1.632985
1.630509
1.627876
1.625497
1.623295
1.621146
1.618974
1.617113
1.615424
1.613888
1.612756
1.611622
1.610789
1.609948
1.609034
1.608578
1.608492
1.608566
1.609057
1.609562
1.610448
1.611416
1.612775
1.614569
1.616743
1.619058
1.621367
1.623836
1.626131
1.628882
1.631688
1.634836
1.638087
1.641611
1.645195
1.648885
1.652636
1.65653
1.660861
1.665215
1.6696
1.673819
1.678024
1.681842
1.685871
1.689952
1.694208
1.698226
1.702229
1.706085
1.709887
1.713451
1.716771
1.719775
1.722511
1.725042
1.727373
1.729522
1.731567
1.733477
1.735113
1.736666
1.73813
1.739405
1.74063
1.74198
1.743216
1.744314
1.745363
1.746421
1.74755
1.748811
1.750238
1.751704
1.753077
1.75459
1.756142
1.757949
1.759856
1.761843
1.764026
1.766987
1.77068
1.774343
1.777873
1.781579
1.785714
1.790092
1.794331
1.798539
1.802663
1.806707
1.810784
1.814861
1.81892
1.823166
1.827509
1.831697
1.83585
1.840087
1.844432
1.848984
1.853703
1.858645
1.863521
1.868684
1.873933
1.879746
1.885555
1.89125
1.89678
1.902423
1.90795
1.913463
1.918947
1.924356
1.929511
1.934373
1.93909
1.943685
1.948054
1.95218
1.956192
1.959722
1.962938
1.966009
1.969082
1.971905
1.97433
1.976394
1.978124
1.979522
1.980619
1.981513
1.982262
1.982445
1.982275
1.981711
1.980791
1.979593
1.977934
1.975914
1.973512
1.970488
1.966852
1.963005
1.959012
1.954566
1.949861
1.944682
1.938769
1.932492
1.926218
1.919835
1.913362
1.906822
1.900041
1.892869
1.885436
1.877754
1.870321
1.86385
1.856022
1.847464
1.838941
1.830819
1.822405
1.813343
1.80456
1.796632
1.78837
1.777988
1.767509
1.757314
1.747646
1.74028
1.728983
